100
0 3
0 67
0 4
0 70
0 8
0 72
0 73
0 15
0 17
0 19
0 84
0 86
0 25
0 90
0 91
0 93
0 95
0 32
0 97
0 98
0 99
0 43
0 46
0 47
0 48
0 54
0 63
1 64
1 33
1 97
1 66
1 3
1 68
1 6
1 7
1 41
1 76
1 14
1 79
1 48
1 82
1 51
1 21
1 54
1 25
1 57
1 58
1 59
1 60
1 93
2 65
2 5
2 7
2 73
2 15
2 80
2 82
2 19
2 20
2 84
2 85
2 23
2 87
2 90
2 28
2 29
2 93
2 96
2 33
2 97
2 37
2 38
2 40
2 42
2 48
2 53
2 55
2 57
2 62
3 4
3 68
3 5
3 71
3 8
3 72
3 73
3 75
3 77
3 78
3 16
3 17
3 18
3 82
3 84
3 25
3 89
3 27
3 91
3 92
3 29
3 30
3 95
3 96
3 34
3 98
3 99
3 36
3 37
3 47
3 48
3 54
3 55
3 58
3 59
3 62
3 63
4 65
4 68
4 7
4 71
4 73
4 74
4 12
4 78
4 17
4 82
4 83
4 20
4 86
4 87
4 25
4 28
4 92
4 33
4 97
4 35
4 99
4 42
4 44
4 46
4 53
4 55
4 56
4 57
4 58
4 61
5 65
5 66
5 68
5 9
5 12
5 78
5 16
5 80
5 85
5 86
5 24
5 88
5 90
5 28
5 92
5 30
5 31
5 95
5 96
5 97
5 34
5 99
5 51
5 62
6 65
6 73
6 74
6 75
6 12
6 76
6 77
6 81
6 87
6 89
6 29
6 93
6 97
6 34
6 35
6 99
6 36
6 37
6 41
6 42
6 43
6 45
6 46
6 47
6 54
6 56
6 58
7 65
7 69
7 73
7 75
7 12
7 13
7 77
7 14
7 78
7 15
7 16
7 80
7 81
7 84
7 85
7 23
7 88
7 89
7 90
7 27
7 92
7 30
7 95
7 32
7 33
7 34
7 37
7 40
7 41
7 47
7 50
7 53
7 55
7 57
8 67
8 68
8 69
8 71
8 9
8 73
8 11
8 77
8 16
8 80
8 81
8 86
8 87
8 88
8 91
8 28
8 32
8 35
8 99
8 38
8 39
8 42
8 45
8 51
8 52
8 55
8 58
8 62
9 64
9 66
9 67
9 69
9 70
9 71
9 73
9 11
9 76
9 13
9 15
9 17
9 81
9 18
9 82
9 83
9 23
9 24
9 90
9 93
9 94
9 97
9 39
9 40
9 45
9 52
9 57
9 59
9 60
9 63
10 67
10 68
10 72
10 74
10 76
10 16
10 81
10 18
10 83
10 86
10 23
10 24
10 25
10 30
10 31
10 95
10 32
10 96
10 34
10 35
10 99
10 40
10 45
10 50
10 51
10 52
10 53
10 54
10 59
10 63
11 64
11 67
11 69
11 71
11 73
11 74
11 75
11 77
11 14
11 78
11 15
11 79
11 16
11 17
11 82
11 19
11 83
11 22
11 88
11 89
11 90
11 91
11 29
11 95
11 98
11 99
11 36
11 37
11 38
11 39
11 41
11 43
11 45
11 48
11 52
11 57
11 62
11 63
12 64
12 68
12 69
12 70
12 72
12 77
12 79
12 80
12 83
12 25
12 26
12 90
12 91
12 28
12 92
12 29
12 93
12 30
12 95
12 96
12 97
12 37
12 39
12 40
12 41
12 45
12 46
12 51
12 54
12 56
12 62
13 64
13 65
13 70
13 71
13 72
13 73
13 75
13 76
13 77
13 15
13 80
13 19
13 83
13 20
13 85
13 23
13 25
13 26
13 27
13 93
13 94
13 98
13 99
13 36
13 39
13 43
13 45
13 46
13 50
13 54
13 56
13 57
13 61
14 64
14 65
14 66
14 71
14 72
14 77
14 15
14 81
14 18
14 19
14 85
14 86
14 25
14 26
14 28
14 29
14 93
14 30
14 31
14 95
14 33
14 99
14 36
14 37
14 38
14 39
14 47
14 49
14 51
14 56
14 58
14 59
14 61
15 67
15 17
15 18
15 86
15 91
15 28
15 93
15 30
15 95
15 33
15 97
15 35
15 39
15 41
15 48
15 49
15 52
15 53
15 60
15 61
15 62
15 63
16 70
16 72
16 75
16 80
16 18
16 82
16 21
16 24
16 89
16 91
16 93
16 95
16 32
16 34
16 98
16 99
16 36
16 38
16 39
16 43
16 47
16 48
16 53
16 55
16 56
16 57
16 61
17 70
17 71
17 79
17 18
17 84
17 23
17 24
17 25
17 26
17 90
17 27
17 91
17 28
17 92
17 30
17 94
17 96
17 33
17 35
17 40
17 43
17 45
17 46
17 51
17 53
17 56
17 58
17 59
18 68
18 75
18 77
18 80
18 81
18 83
18 23
18 26
18 91
18 92
18 30
18 95
18 34
18 98
18 35
18 38
18 40
18 42
18 44
18 47
18 48
18 50
18 53
18 57
18 58
18 61
18 62
19 66
19 69
19 70
19 71
19 72
19 76
19 79
19 80
19 82
19 23
19 87
19 26
19 90
19 27
19 28
19 92
19 98
19 37
19 39
19 57
19 60
20 71
20 75
20 80
20 83
20 21
20 22
20 88
20 26
20 28
20 31
20 95
20 97
20 99
20 40
20 43
20 45
20 47
20 48
20 50
20 51
20 52
20 56
20 57
20 59
20 61
20 62
21 66
21 67
21 69
21 70
21 73
21 77
21 80
21 81
21 85
21 86
21 25
21 26
21 90
21 27
21 91
21 28
21 30
21 94
21 95
21 33
21 34
21 98
21 99
21 41
21 47
21 48
21 54
21 55
21 56
21 57
21 60
21 63
22 66
22 69
22 70
22 78
22 79
22 80
22 24
22 88
22 89
22 26
22 90
22 29
22 94
22 31
22 32
22 97
22 98
22 38
22 40
22 41
22 46
22 47
22 52
22 53
22 57
22 59
23 65
23 66
23 70
23 71
23 77
23 78
23 79
23 86
23 24
23 27
23 28
23 29
23 94
23 95
23 33
23 97
23 98
23 99
23 37
23 38
23 40
23 44
23 49
23 51
23 53
23 54
23 55
23 57
23 59
23 60
23 61
23 62
23 63
24 68
24 70
24 71
24 76
24 80
24 81
24 88
24 26
24 90
24 27
24 28
24 29
24 94
24 31
24 98
24 38
24 46
24 47
24 48
24 51
24 54
24 58
24 63
25 65
25 66
25 73
25 74
25 75
25 81
25 82
25 83
25 86
25 88
25 26
25 27
25 28
25 92
25 29
25 30
25 33
25 97
25 34
25 98
25 99
25 36
25 37
25 38
25 43
25 47
25 51
25 59
26 77
26 78
26 79
26 83
26 84
26 88
26 30
26 33
26 34
26 35
26 37
26 40
26 43
26 47
26 49
26 57
26 60
26 62
27 69
27 73
27 75
27 76
27 85
27 90
27 91
27 30
27 36
27 37
27 38
27 41
27 42
27 46
27 47
27 49
27 51
27 52
28 64
28 67
28 75
28 76
28 77
28 79
28 86
28 89
28 91
28 30
28 31
28 96
28 97
28 34
28 98
28 40
28 41
28 43
28 44
28 45
28 48
28 51
28 55
28 58
28 63
29 66
29 70
29 71
29 72
29 77
29 82
29 85
29 90
29 91
29 92
29 95
29 96
29 33
29 97
29 35
29 99
29 36
29 37
29 40
29 41
29 43
29 46
29 47
29 51
29 57
29 59
29 61
29 62
30 69
30 72
30 77
30 78
30 79
30 83
30 87
30 91
30 43
30 44
30 45
30 46
30 47
30 48
30 50
30 57
31 64
31 65
31 68
31 72
31 73
31 76
31 78
31 79
31 80
31 84
31 86
31 32
31 34
31 99
31 36
31 39
31 41
31 42
31 43
31 47
31 52
31 54
31 56
31 59
31 60
31 62
32 64
32 66
32 71
32 72
32 77
32 81
32 83
32 84
32 86
32 87
32 88
32 90
32 95
32 96
32 35
32 99
32 36
32 37
32 40
32 41
32 43
32 50
32 51
32 52
32 56
32 61
32 62
33 64
33 66
33 67
33 68
33 69
33 72
33 74
33 75
33 83
33 89
33 90
33 91
33 93
33 98
33 35
33 99
33 37
33 38
33 39
33 45
33 47
33 52
33 56
33 57
33 58
33 62
34 67
34 69
34 79
34 80
34 83
34 86
34 89
34 90
34 91
34 94
34 96
34 98
34 35
34 99
34 36
34 39
34 46
34 48
34 53
34 54
34 60
34 61
34 63
35 64
35 67
35 71
35 72
35 76
35 81
35 82
35 84
35 85
35 86
35 87
35 91
35 94
35 96
35 98
35 38
35 41
35 42
35 46
35 49
35 51
35 52
35 56
35 57
35 60
35 61
36 65
36 66
36 67
36 68
36 71
36 76
36 77
36 79
36 80
36 82
36 83
36 85
36 86
36 91
36 92
36 96
36 37
36 39
36 43
36 48
36 51
36 52
36 53
36 55
36 57
36 59
36 63
37 64
37 73
37 75
37 76
37 79
37 86
37 88
37 97
37 98
37 39
37 41
37 44
37 46
37 48
37 50
37 51
37 52
37 55
37 57
37 59
37 60
38 67
38 69
38 70
38 72
38 76
38 79
38 80
38 82
38 87
38 95
38 96
38 97
38 40
38 42
38 45
38 49
38 54
38 57
38 61
38 62
38 63
39 64
39 65
39 69
39 72
39 79
39 82
39 86
39 87
39 88
39 90
39 92
39 93
39 96
39 99
39 41
39 42
39 48
39 54
39 56
39 58
39 59
39 60
39 62
40 64
40 69
40 78
40 79
40 81
40 84
40 87
40 93
40 95
40 96
40 41
40 48
40 51
40 52
40 58
40 61
40 62
41 67
41 69
41 73
41 74
41 76
41 84
41 88
41 89
41 93
41 98
41 44
41 47
41 48
41 55
41 56
41 57
41 59
41 60
42 64
42 67
42 69
42 82
42 90
42 91
42 92
42 93
42 96
42 44
42 45
42 46
42 50
42 57
42 62
43 65
43 67
43 68
43 71
43 73
43 80
43 82
43 83
43 85
43 91
43 97
43 99
43 49
43 50
43 59
43 62
44 65
44 67
44 71
44 75
44 77
44 80
44 85
44 86
44 87
44 88
44 91
44 92
44 98
44 99
44 46
44 51
44 53
44 56
44 60
44 63
45 64
45 67
45 69
45 75
45 76
45 80
45 81
45 83
45 85
45 87
45 88
45 90
45 94
45 96
45 48
45 50
45 54
45 58
46 67
46 68
46 70
46 72
46 73
46 76
46 77
46 82
46 83
46 85
46 89
46 92
46 93
46 97
46 59
46 60
47 64
47 65
47 68
47 72
47 77
47 85
47 87
47 88
47 93
47 95
47 96
47 48
47 49
47 51
47 55
47 58
47 62
48 65
48 68
48 69
48 72
48 74
48 75
48 78
48 79
48 80
48 81
48 84
48 86
48 91
48 49
48 54
48 55
48 58
48 60
49 66
49 71
49 73
49 76
49 77
49 78
49 89
49 97
49 99
49 54
49 55
49 56
49 58
49 60
49 61
49 62
49 63
50 96
50 75
50 77
50 78
50 80
50 82
50 84
50 88
50 91
50 62
50 63
51 64
51 66
51 69
51 71
51 73
51 74
51 75
51 76
51 77
51 78
51 80
51 82
51 84
51 91
51 93
51 94
51 95
51 97
51 52
51 56
51 61
51 63
52 75
52 76
52 79
52 82
52 84
52 85
52 92
52 94
52 96
52 97
52 99
52 53
52 55
52 57
52 60
53 73
53 75
53 76
53 83
53 84
53 90
53 94
53 95
53 56
53 60
53 61
54 74
54 76
54 80
54 83
54 88
54 90
54 93
54 55
54 56
54 57
54 58
54 63
55 66
55 73
55 75
55 81
55 82
55 88
55 56
55 58
56 68
56 71
56 75
56 77
56 79
56 80
56 82
56 86
56 91
56 92
56 95
56 97
56 57
56 58
56 60
56 63
57 65
57 68
57 72
57 74
57 77
57 79
57 80
57 88
57 89
57 93
57 96
57 58
58 69
58 73
58 74
58 75
58 80
58 86
58 87
58 92
58 94
58 95
58 97
58 59
58 63
59 64
59 70
59 71
59 73
59 76
59 79
59 81
59 93
59 96
59 99
59 60
59 61
60 64
60 66
60 68
60 72
60 77
60 80
60 81
60 82
60 83
60 85
60 89
60 97
60 98
60 63
61 68
61 70
61 71
61 72
61 73
61 77
61 86
61 88
61 89
61 91
61 92
61 94
61 95
61 63
62 65
62 74
62 80
62 82
62 84
62 85
62 88
62 89
62 90
62 94
62 98
63 68
63 72
63 74
63 77
63 83
63 85
63 89
63 91
63 97
63 98
63 99
64 66
64 70
64 80
64 82
64 84
64 86
64 92
64 93
64 94
64 98
65 69
65 70
65 72
65 73
65 77
65 78
65 79
65 80
65 82
65 83
65 85
65 91
65 92
65 97
65 99
66 67
66 68
66 71
66 75
66 76
66 77
66 81
66 82
66 95
66 99
67 68
67 71
67 75
67 76
67 78
67 79
67 80
67 83
67 86
67 87
67 88
67 89
67 96
68 69
68 70
68 79
68 80
68 83
68 87
68 90
69 71
69 72
69 73
69 77
69 78
69 79
69 87
69 88
69 97
69 98
69 99
70 71
70 72
70 74
70 78
70 81
70 82
70 90
70 93
70 94
70 95
70 99
71 72
71 73
71 74
71 76
71 79
71 82
71 85
71 88
71 89
71 96
72 74
72 78
72 79
72 82
72 84
72 85
72 86
72 93
72 94
72 95
72 98
72 99
73 75
73 77
73 79
73 87
73 89
73 91
73 92
73 94
73 95
73 97
74 76
74 77
74 79
74 82
74 90
74 92
74 94
74 95
74 97
75 83
75 86
75 93
75 94
75 95
75 98
75 99
76 78
76 80
76 85
76 90
76 91
76 92
76 99
77 78
77 79
77 80
77 82
77 86
77 88
77 90
77 95
77 97
77 98
77 99
78 80
78 82
78 83
78 88
78 89
78 92
78 94
78 96
79 81
79 85
79 87
79 88
79 95
80 82
80 84
80 85
80 90
80 95
80 97
81 83
81 85
81 89
81 93
81 97
81 99
82 83
82 84
82 89
82 91
83 85
83 86
83 90
83 93
83 94
83 96
83 97
83 98
84 86
84 89
84 96
84 99
85 90
85 96
85 97
85 98
86 88
86 90
86 92
87 91
87 94
87 96
87 97
87 98
88 89
88 93
88 95
88 96
88 97
88 98
88 99
89 93
89 94
89 97
89 98
90 92
90 93
90 95
90 96
91 92
91 98
93 95
93 96
94 96
94 97
96 97
96 99
97 99
98 99
