200
0 3
0 131
0 4
0 8
0 139
0 15
0 17
0 146
0 19
0 149
0 152
0 25
0 155
0 156
0 157
0 158
0 32
0 162
0 164
0 166
0 43
0 46
0 174
0 47
0 48
0 177
0 180
0 54
0 63
0 191
0 67
0 195
0 70
0 72
0 73
0 84
0 86
0 90
0 91
0 93
0 95
0 97
0 98
0 99
0 101
0 104
0 105
0 112
0 119
0 123
1 129
1 2
1 130
1 4
1 12
1 140
1 141
1 16
1 17
1 147
1 20
1 148
1 151
1 152
1 25
1 26
1 155
1 156
1 30
1 161
1 34
1 35
1 164
1 37
1 165
1 166
1 39
1 168
1 170
1 171
1 45
1 175
1 177
1 50
1 52
1 54
1 182
1 184
1 185
1 59
1 188
1 189
1 62
1 191
1 192
1 195
1 70
1 77
1 79
1 81
1 82
1 84
1 87
1 90
1 93
1 94
1 97
1 98
1 101
1 109
1 110
1 111
1 118
1 120
1 122
1 123
1 127
2 3
2 8
2 136
2 11
2 16
2 19
2 147
2 150
2 151
2 24
2 153
2 26
2 33
2 35
2 163
2 37
2 165
2 170
2 171
2 44
2 173
2 46
2 47
2 175
2 48
2 49
2 177
2 52
2 180
2 181
2 182
2 56
2 184
2 59
2 62
2 190
2 64
2 65
2 69
2 73
2 74
2 77
2 78
2 83
2 88
2 90
2 94
2 97
2 101
2 109
2 113
2 115
2 116
2 119
3 129
3 131
3 11
3 139
3 143
3 16
3 17
3 18
3 19
3 147
3 149
3 23
3 151
3 24
3 152
3 25
3 154
3 27
3 155
3 28
3 29
3 158
3 159
3 162
3 163
3 36
3 164
3 38
3 166
3 40
3 169
3 174
3 47
3 176
3 181
3 55
3 56
3 57
3 58
3 59
3 63
3 193
3 69
3 197
3 71
3 75
3 79
3 81
3 86
3 87
3 88
3 89
3 90
3 97
3 101
3 104
3 106
3 107
3 108
3 111
3 114
3 115
3 121
3 124
3 127
4 129
4 130
4 131
4 5
4 133
4 8
4 136
4 9
4 12
4 141
4 142
4 15
4 143
4 21
4 22
4 150
4 25
4 153
4 154
4 28
4 157
4 32
4 37
4 165
4 38
4 39
4 167
4 41
4 43
4 172
4 173
4 174
4 47
4 50
4 51
4 179
4 180
4 181
4 183
4 56
4 184
4 57
4 58
4 61
4 189
4 194
4 69
4 71
4 199
4 73
4 75
4 77
4 78
4 83
4 84
4 99
4 100
4 105
4 112
4 117
4 119
4 120
4 123
4 124
4 126
4 127
5 131
5 132
5 133
5 6
5 134
5 7
5 8
5 9
5 138
5 141
5 14
5 142
5 18
5 22
5 23
5 27
5 155
5 156
5 29
5 158
5 31
5 159
5 160
5 36
5 38
5 167
5 41
5 169
5 170
5 171
5 175
5 176
5 50
5 51
5 181
5 54
5 184
5 57
5 58
5 186
5 59
5 60
5 62
5 192
5 65
5 194
5 198
5 199
5 72
5 79
5 80
5 81
5 82
5 84
5 86
5 88
5 91
5 95
5 100
5 105
5 106
5 107
5 110
5 112
5 114
5 116
5 117
5 118
5 120
5 121
5 122
5 125
5 126
6 133
6 134
6 7
6 136
6 9
6 137
6 138
6 139
6 141
6 14
6 16
6 144
6 17
6 145
6 146
6 147
6 20
6 27
6 155
6 28
6 29
6 157
6 30
6 159
6 32
6 33
6 34
6 164
6 38
6 166
6 167
6 169
6 42
6 43
6 172
6 173
6 46
6 174
6 48
6 49
6 50
6 179
6 180
6 185
6 59
6 189
6 62
6 193
6 66
6 194
6 68
6 69
6 73
6 77
6 79
6 80
6 84
6 87
6 88
6 93
6 94
6 95
6 96
6 98
6 99
6 100
6 103
6 106
6 108
6 116
6 117
6 121
6 122
6 123
6 126
6 127
7 130
7 131
7 136
7 9
7 138
7 11
7 139
7 140
7 15
7 144
7 17
7 18
7 153
7 155
7 28
7 30
7 158
7 33
7 35
7 163
7 165
7 39
7 41
7 172
7 174
7 48
7 176
7 49
7 178
7 52
7 53
7 181
7 182
7 183
7 60
7 188
7 61
7 189
7 62
7 190
7 63
7 191
7 192
7 193
7 67
7 195
7 198
7 86
7 91
7 93
7 95
7 97
7 101
7 104
7 107
7 115
7 117
7 119
7 121
7 122
7 126
8 130
8 132
8 135
8 136
8 9
8 138
8 14
8 17
8 146
8 19
8 147
8 20
8 150
8 25
8 153
8 27
8 30
8 158
8 32
8 33
8 161
8 162
8 163
8 44
8 172
8 45
8 174
8 53
8 58
8 64
8 192
8 65
8 66
8 195
8 68
8 70
8 78
8 81
8 85
8 89
8 90
8 93
8 95
8 97
8 99
8 102
8 103
8 105
8 108
8 112
8 113
8 116
8 117
8 123
9 128
9 129
9 130
9 132
9 135
9 136
9 11
9 14
9 15
9 143
9 16
9 17
9 21
9 149
9 150
9 24
9 25
9 27
9 156
9 157
9 158
9 159
9 32
9 162
9 35
9 37
9 165
9 168
9 169
9 43
9 171
9 172
9 45
9 46
9 175
9 50
9 179
9 52
9 182
9 55
9 183
9 187
9 188
9 64
9 192
9 193
9 67
9 196
9 69
9 197
9 71
9 72
9 74
9 75
9 76
9 80
9 81
9 83
9 85
9 86
9 95
9 99
9 104
9 107
9 112
9 119
9 121
9 123
9 127
10 128
10 129
10 131
10 132
10 136
10 137
10 11
10 12
10 14
10 143
10 16
10 144
10 145
10 19
10 21
10 22
10 152
10 28
10 30
10 31
10 160
10 161
10 163
10 36
10 164
10 37
10 165
10 167
10 168
10 169
10 42
10 170
10 43
10 172
10 47
10 49
10 179
10 56
10 59
10 187
10 60
10 188
10 189
10 192
10 195
10 68
10 69
10 70
10 199
10 78
10 79
10 80
10 84
10 87
10 88
10 90
10 93
10 94
10 95
10 99
10 103
10 104
10 106
10 110
10 115
10 117
10 119
10 120
10 121
10 123
10 125
10 126
10 127
11 130
11 133
11 134
11 135
11 137
11 140
11 143
11 16
11 147
11 21
11 149
11 23
11 24
11 29
11 157
11 160
11 33
11 34
11 162
11 41
11 43
11 47
11 177
11 178
11 51
11 179
11 53
11 54
11 55
11 183
11 56
11 184
11 57
11 60
11 188
11 61
11 63
11 64
11 65
11 70
11 74
11 78
11 86
11 92
11 93
11 100
11 101
11 102
11 108
11 109
11 110
11 113
11 115
11 119
11 124
11 125
11 126
12 131
12 132
12 133
12 135
12 142
12 15
12 145
12 147
12 21
12 22
12 23
12 152
12 153
12 26
12 154
12 27
12 31
12 159
12 32
12 161
12 34
12 162
12 163
12 36
12 37
12 166
12 167
12 169
12 172
12 173
12 177
12 54
12 183
12 185
12 58
12 187
12 60
12 188
12 61
12 192
12 196
12 197
12 70
12 198
12 75
12 76
12 86
12 87
12 90
12 96
12 97
12 99
12 100
12 101
12 104
12 107
12 111
12 114
12 119
12 120
12 123
13 129
13 131
13 133
13 136
13 137
13 139
13 141
13 142
13 17
13 145
13 149
13 22
13 150
13 25
13 153
13 155
13 156
13 157
13 30
13 31
13 32
13 161
13 35
13 163
13 36
13 37
13 39
13 176
13 179
13 52
13 180
13 53
13 181
13 54
13 55
13 56
13 184
13 57
13 185
13 59
13 187
13 66
13 194
13 195
13 196
13 78
13 81
13 86
13 87
13 88
13 92
13 96
13 100
13 109
13 111
13 113
13 116
13 118
13 119
13 120
13 124
14 129
14 136
14 138
14 15
14 143
14 144
14 20
14 21
14 150
14 23
14 151
14 25
14 153
14 157
14 30
14 31
14 159
14 36
14 40
14 169
14 42
14 170
14 43
14 45
14 173
14 46
14 47
14 176
14 49
14 179
14 180
14 181
14 54
14 55
14 184
14 58
14 186
14 60
14 188
14 189
14 62
14 63
14 64
14 192
14 195
14 196
14 70
14 72
14 77
14 81
14 82
14 83
14 87
14 89
14 91
14 92
14 93
14 94
14 97
14 99
14 100
14 108
14 114
14 115
14 116
14 118
14 123
14 124
14 125
14 126
15 129
15 134
15 136
15 139
15 141
15 143
15 16
15 145
15 146
15 19
15 147
15 21
15 22
15 150
15 152
15 26
15 154
15 27
15 155
15 30
15 31
15 159
15 34
15 37
15 168
15 41
15 42
15 170
15 171
15 46
15 174
15 51
15 52
15 181
15 54
15 55
15 183
15 56
15 57
15 61
15 64
15 192
15 193
15 66
15 68
15 196
15 70
15 198
15 72
15 76
15 81
15 84
15 85
15 86
15 88
15 90
15 92
15 96
15 98
15 99
15 100
15 101
15 104
15 109
15 110
15 112
15 113
15 115
15 116
15 118
15 119
15 124
15 125
16 129
16 132
16 133
16 140
16 143
16 144
16 18
16 22
16 150
16 153
16 154
16 27
16 156
16 30
16 161
16 34
16 35
16 36
16 40
16 42
16 170
16 43
16 171
16 45
16 173
16 176
16 49
16 179
16 52
16 53
16 55
16 185
16 187
16 60
16 188
16 194
16 68
16 69
16 197
16 70
16 198
16 74
16 75
16 81
16 87
16 89
16 91
16 92
16 93
16 95
16 97
16 98
16 102
16 105
16 112
16 115
16 119
16 120
16 121
16 123
16 125
16 126
17 130
17 131
17 140
17 143
17 146
17 148
17 149
17 23
17 24
17 152
17 25
17 154
17 27
17 28
17 161
17 35
17 163
17 164
17 37
17 166
17 41
17 42
17 44
17 172
17 178
17 52
17 180
17 182
17 56
17 57
17 187
17 61
17 189
17 192
17 66
17 196
17 69
17 70
17 71
17 199
17 75
17 82
17 87
17 89
17 92
17 94
17 107
17 115
17 116
17 117
17 118
17 121
18 129
18 130
18 132
18 134
18 135
18 138
18 139
18 144
18 145
18 147
18 20
18 22
18 151
18 26
18 154
18 155
18 30
18 159
18 32
18 162
18 35
18 163
18 165
18 40
18 41
18 169
18 42
18 43
18 172
18 46
18 47
18 176
18 178
18 179
18 53
18 54
18 182
18 57
18 186
18 59
18 63
18 191
18 67
18 199
18 73
18 76
18 78
18 84
18 85
18 89
18 90
18 92
18 94
18 96
18 97
18 99
18 103
18 105
18 121
18 122
19 132
19 134
19 146
19 147
19 21
19 22
19 27
19 29
19 30
19 159
19 161
19 34
19 162
19 164
19 166
19 39
19 40
19 168
19 43
19 172
19 45
19 175
19 50
19 180
19 53
19 54
19 184
19 57
19 59
19 60
19 188
19 63
19 64
19 65
19 193
19 66
19 195
19 196
19 69
19 198
19 71
19 76
19 89
19 90
19 91
19 93
19 95
19 96
19 97
19 98
19 101
19 106
19 108
19 111
19 112
19 113
19 124
20 129
20 130
20 136
20 140
20 141
20 146
20 147
20 148
20 149
20 22
20 24
20 26
20 154
20 27
20 28
20 29
20 30
20 31
20 33
20 35
20 37
20 165
20 167
20 171
20 44
20 46
20 174
20 47
20 48
20 50
20 179
20 53
20 181
20 55
20 184
20 57
20 60
20 191
20 193
20 75
20 76
20 79
20 82
20 84
20 85
20 92
20 94
20 96
20 97
20 99
20 102
20 106
20 107
20 119
20 121
20 122
21 130
21 131
21 135
21 138
21 142
21 146
21 23
21 152
21 156
21 157
21 30
21 158
21 32
21 163
21 38
21 39
21 169
21 170
21 45
21 175
21 177
21 178
21 180
21 183
21 184
21 57
21 58
21 187
21 60
21 63
21 193
21 194
21 68
21 196
21 71
21 199
21 75
21 77
21 79
21 80
21 82
21 86
21 91
21 92
21 95
21 97
21 100
21 107
21 110
21 114
21 116
21 119
21 121
21 122
22 134
22 140
22 142
22 144
22 145
22 148
22 149
22 150
22 25
22 154
22 27
22 158
22 164
22 39
22 168
22 42
22 170
22 45
22 173
22 48
22 49
22 51
22 179
22 53
22 181
22 57
22 185
22 187
22 62
22 65
22 193
22 66
22 194
22 67
22 195
22 68
22 197
22 70
22 74
22 82
22 83
22 86
22 91
22 93
22 94
22 95
22 96
22 100
22 109
22 111
22 112
22 114
22 115
22 117
22 118
22 125
23 129
23 130
23 132
23 133
23 134
23 137
23 140
23 141
23 142
23 143
23 150
23 25
23 154
23 155
23 35
23 164
23 37
23 165
23 39
23 168
23 41
23 172
23 47
23 175
23 48
23 49
23 53
23 58
23 186
23 59
23 187
23 188
23 61
23 62
23 192
23 193
23 66
23 194
23 67
23 68
23 69
23 71
23 72
23 74
23 80
23 81
23 86
23 88
23 89
23 90
23 93
23 97
23 98
23 99
23 103
23 104
23 117
23 121
23 122
23 125
24 129
24 137
24 139
24 141
24 142
24 144
24 145
24 147
24 151
24 152
24 154
24 27
24 28
24 157
24 37
24 165
24 38
24 39
24 167
24 40
24 41
24 169
24 170
24 43
24 172
24 47
24 50
24 51
24 182
24 185
24 59
24 62
24 63
24 64
24 192
24 193
24 194
24 68
24 69
24 197
24 70
24 198
24 71
24 73
24 76
24 79
24 82
24 85
24 86
24 93
24 98
24 102
24 103
24 106
24 108
24 109
24 110
24 117
24 118
24 119
24 122
24 123
24 125
24 127
25 131
25 133
25 137
25 141
25 145
25 147
25 148
25 149
25 26
25 154
25 28
25 156
25 33
25 38
25 166
25 39
25 167
25 40
25 171
25 174
25 47
25 175
25 48
25 49
25 177
25 50
25 178
25 179
25 52
25 182
25 56
25 185
25 58
25 60
25 192
25 65
25 67
25 195
25 68
25 69
25 71
25 73
25 74
25 79
25 80
25 83
25 85
25 87
25 92
25 96
25 98
25 99
25 106
25 112
25 114
25 115
25 120
25 125
25 127
26 129
26 133
26 135
26 137
26 138
26 140
26 141
26 142
26 144
26 146
26 147
26 148
26 149
26 151
26 152
26 153
26 27
26 157
26 160
26 33
26 34
26 162
26 35
26 164
26 165
26 38
26 40
26 42
26 172
26 176
26 177
26 180
26 53
26 181
26 183
26 56
26 185
26 58
26 186
26 59
26 187
26 60
26 62
26 192
26 66
26 68
26 196
26 69
26 70
26 71
26 72
26 76
26 77
26 80
26 81
26 84
26 85
26 87
26 88
26 92
26 98
26 108
26 109
26 114
26 115
26 122
26 124
26 126
26 127
27 130
27 132
27 134
27 135
27 137
27 139
27 144
27 147
27 149
27 28
27 156
27 157
27 30
27 31
27 33
27 161
27 34
27 162
27 36
27 37
27 165
27 39
27 167
27 171
27 44
27 172
27 173
27 174
27 47
27 176
27 180
27 181
27 182
27 190
27 191
27 64
27 65
27 67
27 68
27 196
27 69
27 75
27 78
27 79
27 80
27 81
27 86
27 87
27 88
27 92
27 94
27 102
27 103
27 107
27 110
27 113
27 116
27 117
27 118
27 121
27 123
27 125
27 127
28 131
28 132
28 133
28 137
28 138
28 139
28 142
28 147
28 148
28 150
28 151
28 152
28 157
28 32
28 161
28 36
28 164
28 38
28 39
28 40
28 41
28 169
28 172
28 45
28 174
28 48
28 179
28 180
28 54
28 182
28 55
28 185
28 59
28 62
28 193
28 195
28 197
28 72
28 73
28 79
28 81
28 82
28 83
28 84
28 85
28 91
28 95
28 97
28 103
28 104
28 109
28 112
28 115
28 116
28 120
28 123
28 126
29 131
29 135
29 142
29 145
29 147
29 150
29 152
29 154
29 157
29 30
29 31
29 161
29 34
29 162
29 35
29 36
29 37
29 166
29 40
29 169
29 42
29 170
29 43
29 171
29 44
29 172
29 45
29 173
29 47
29 48
29 50
29 52
29 54
29 55
29 187
29 60
29 62
29 190
29 63
29 191
29 196
29 198
29 71
29 77
29 78
29 89
29 90
29 91
29 101
29 104
29 105
29 107
29 110
29 113
29 120
29 123
29 125
30 128
30 129
30 132
30 134
30 135
30 146
30 149
30 150
30 155
30 157
30 31
30 159
30 34
30 162
30 164
30 165
30 166
30 39
30 40
30 42
30 48
30 176
30 54
30 182
30 184
30 58
30 186
30 188
30 190
30 63
30 194
30 73
30 82
30 85
30 86
30 87
30 88
30 89
30 90
30 91
30 92
30 93
30 94
30 96
30 98
30 106
30 112
30 113
30 114
30 118
30 120
30 125
31 128
31 131
31 137
31 141
31 142
31 143
31 148
31 149
31 150
31 152
31 153
31 154
31 157
31 158
31 160
31 33
31 162
31 163
31 36
31 37
31 165
31 38
31 39
31 40
31 168
31 41
31 171
31 172
31 173
31 48
31 176
31 50
31 51
31 181
31 182
31 55
31 56
31 57
31 58
31 188
31 63
31 193
31 194
31 195
31 68
31 69
31 197
31 199
31 72
31 73
31 75
31 77
31 84
31 85
31 86
31 88
31 90
31 92
31 93
31 94
31 98
31 102
31 109
31 112
31 115
31 117
31 119
31 120
31 122
31 127
32 132
32 133
32 134
32 136
32 137
32 151
32 152
32 160
32 37
32 165
32 39
32 167
32 170
32 172
32 48
32 51
32 52
32 53
32 55
32 183
32 56
32 185
32 60
32 188
32 189
32 191
32 193
32 68
32 198
32 71
32 199
32 73
32 74
32 80
32 81
32 83
32 87
32 89
32 101
32 102
32 103
32 105
32 107
32 109
32 114
32 117
32 118
32 121
32 123
33 130
33 135
33 137
33 140
33 142
33 143
33 144
33 147
33 159
33 160
33 163
33 166
33 39
33 167
33 168
33 169
33 170
33 44
33 172
33 49
33 50
33 178
33 179
33 58
33 59
33 189
33 190
33 191
33 64
33 193
33 66
33 196
33 69
33 70
33 198
33 74
33 76
33 80
33 82
33 83
33 84
33 85
33 87
33 88
33 89
33 91
33 95
33 96
33 97
33 100
33 102
33 105
33 107
33 110
33 115
33 117
33 120
33 122
33 124
33 126
33 127
34 131
34 132
34 136
34 140
34 141
34 144
34 146
34 147
34 150
34 153
34 157
34 159
34 160
34 165
34 40
34 41
34 43
34 171
34 44
34 45
34 47
34 49
34 178
34 51
34 183
34 56
34 57
34 185
34 189
34 62
34 192
34 193
34 194
34 69
34 198
34 73
34 78
34 81
34 84
34 85
34 87
34 89
34 96
34 99
34 100
34 102
34 103
34 108
34 109
34 111
34 114
34 115
34 116
34 120
35 128
35 132
35 138
35 140
35 147
35 149
35 153
35 154
35 156
35 157
35 158
35 159
35 161
35 163
35 167
35 40
35 174
35 175
35 48
35 176
35 180
35 182
35 55
35 185
35 61
35 62
35 192
35 65
35 67
35 68
35 70
35 74
35 75
35 76
35 78
35 83
35 84
35 89
35 91
35 93
35 96
35 97
35 104
35 109
35 110
35 112
35 114
35 116
35 120
35 121
35 123
35 124
35 125
35 126
35 127
36 129
36 137
36 138
36 141
36 144
36 146
36 148
36 149
36 153
36 156
36 157
36 159
36 160
36 37
36 39
36 168
36 169
36 170
36 44
36 51
36 180
36 183
36 185
36 59
36 187
36 60
36 62
36 190
36 64
36 196
36 197
36 71
36 199
36 72
36 75
36 78
36 80
36 81
36 83
36 88
36 89
36 90
36 91
36 93
36 100
36 105
36 106
36 109
36 110
36 111
36 112
36 113
36 114
36 118
36 121
36 124
36 126
36 127
37 128
37 133
37 136
37 137
37 145
37 147
37 149
37 150
37 151
37 156
37 159
37 161
37 162
37 39
37 167
37 169
37 43
37 171
37 172
37 45
37 173
37 46
37 174
37 48
37 176
37 50
37 178
37 53
37 182
37 55
37 185
37 58
37 189
37 62
37 190
37 63
37 191
37 65
37 193
37 195
37 68
37 198
37 71
37 72
37 76
37 83
37 85
37 87
37 88
37 89
37 96
37 101
37 102
37 103
37 104
37 106
37 107
37 108
37 109
37 110
37 111
37 112
37 113
37 114
37 115
37 116
38 128
38 129
38 138
38 139
38 142
38 143
38 145
38 147
38 150
38 153
38 154
38 157
38 160
38 165
38 167
38 170
38 45
38 46
38 48
38 49
38 180
38 53
38 181
38 54
38 182
38 184
38 60
38 188
38 189
38 63
38 64
38 66
38 195
38 69
38 70
38 199
38 73
38 84
38 87
38 89
38 94
38 95
38 96
38 105
38 107
38 108
38 111
38 113
38 114
38 116
38 119
38 120
38 123
38 124
38 127
39 132
39 135
39 139
39 140
39 141
39 142
39 144
39 145
39 150
39 151
39 153
39 154
39 157
39 163
39 166
39 41
39 170
39 43
39 171
39 173
39 174
39 48
39 178
39 51
39 52
39 53
39 182
39 55
39 57
39 185
39 58
39 62
39 191
39 65
39 195
39 197
39 76
39 77
39 78
39 79
39 81
39 87
39 88
39 91
39 93
39 94
39 98
39 99
39 101
39 102
39 105
39 109
39 110
39 112
39 115
39 116
39 119
39 121
39 126
40 129
40 130
40 131
40 135
40 137
40 138
40 139
40 149
40 150
40 154
40 158
40 159
40 163
40 164
40 166
40 167
40 41
40 42
40 43
40 171
40 46
40 47
40 50
40 183
40 56
40 57
40 186
40 59
40 189
40 63
40 192
40 68
40 196
40 69
40 71
40 199
40 72
40 74
40 75
40 77
40 78
40 80
40 84
40 91
40 96
40 97
40 99
40 106
40 110
40 114
40 115
40 116
40 117
40 118
40 122
40 125
40 126
41 128
41 134
41 135
41 139
41 141
41 142
41 145
41 146
41 147
41 149
41 155
41 160
41 166
41 168
41 170
41 175
41 50
41 53
41 56
41 185
41 58
41 186
41 59
41 61
41 189
41 191
41 192
41 66
41 194
41 195
41 197
41 71
41 199
41 75
41 80
41 86
41 93
41 101
41 103
41 106
41 107
41 111
41 115
41 121
41 122
41 125
41 126
42 132
42 134
42 137
42 138
42 139
42 140
42 143
42 148
42 150
42 162
42 164
42 169
42 174
42 178
42 51
42 52
42 53
42 181
42 54
42 56
42 60
42 61
42 63
42 191
42 192
42 194
42 195
42 198
42 199
42 74
42 76
42 80
42 83
42 84
42 91
42 96
42 97
42 98
42 104
42 106
42 109
42 111
42 115
42 117
42 120
42 124
43 128
43 129
43 131
43 137
43 142
43 148
43 152
43 153
43 154
43 161
43 162
43 163
43 169
43 44
43 172
43 46
43 177
43 178
43 52
43 53
43 181
43 54
43 183
43 56
43 184
43 57
43 186
43 59
43 187
43 61
43 190
43 69
43 70
43 71
43 73
43 77
43 80
43 88
43 92
43 94
43 95
43 96
43 99
43 103
43 104
43 106
43 112
43 115
43 120
43 123
43 126
43 127
44 129
44 131
44 134
44 138
44 139
44 148
44 150
44 151
44 153
44 154
44 155
44 158
44 160
44 161
44 162
44 164
44 165
44 168
44 170
44 46
44 175
44 51
44 53
44 54
44 182
44 184
44 60
44 62
44 190
44 191
44 66
44 68
44 197
44 73
44 75
44 81
44 83
44 85
44 89
44 92
44 94
44 95
44 101
44 111
44 113
44 119
44 124
44 125
44 126
45 128
45 130
45 133
45 134
45 135
45 137
45 142
45 143
45 146
45 147
45 148
45 149
45 152
45 158
45 161
45 162
45 164
45 172
45 174
45 47
45 48
45 176
45 49
45 50
45 51
45 52
45 181
45 56
45 185
45 58
45 60
45 61
45 189
45 190
45 66
45 194
45 195
45 69
45 197
45 70
45 71
45 199
45 72
45 75
45 78
45 79
45 84
45 86
45 87
45 91
45 92
45 93
45 96
45 98
45 101
45 102
45 103
45 104
45 105
45 117
45 119
45 120
45 121
45 122
45 123
45 126
46 133
46 137
46 139
46 142
46 145
46 151
46 153
46 155
46 156
46 157
46 159
46 161
46 162
46 165
46 169
46 172
46 175
46 51
46 53
46 181
46 54
46 182
46 184
46 59
46 188
46 61
46 192
46 195
46 197
46 199
46 77
46 78
46 82
46 90
46 103
46 106
46 107
46 111
46 112
46 115
46 117
46 125
47 128
47 133
47 139
47 150
47 151
47 156
47 161
47 163
47 165
47 167
47 170
47 172
47 177
47 51
47 180
47 55
47 184
47 59
47 188
47 189
47 63
47 191
47 65
47 66
47 194
47 196
47 72
47 73
47 79
47 85
47 86
47 91
47 99
47 107
47 109
47 112
47 115
47 116
47 121
47 122
47 125
47 126
47 127
48 130
48 131
48 136
48 139
48 140
48 144
48 147
48 148
48 149
48 151
48 161
48 163
48 164
48 171
48 175
48 49
48 50
48 52
48 53
48 182
48 55
48 183
48 56
48 57
48 187
48 61
48 190
48 64
48 68
48 196
48 69
48 197
48 70
48 198
48 73
48 76
48 77
48 83
48 84
48 85
48 86
48 88
48 91
48 93
48 94
48 95
48 97
48 100
48 102
48 103
48 109
48 111
48 114
48 120
49 130
49 134
49 141
49 143
49 144
49 145
49 148
49 149
49 152
49 153
49 155
49 159
49 161
49 169
49 175
49 182
49 183
49 186
49 60
49 190
49 63
49 191
49 192
49 65
49 67
49 199
49 74
49 76
49 77
49 80
49 84
49 85
49 86
49 88
49 92
49 93
49 94
49 96
49 102
49 106
49 112
49 113
49 119
49 123
49 124
49 125
50 129
50 130
50 131
50 143
50 145
50 148
50 152
50 154
50 155
50 157
50 160
50 162
50 166
50 169
50 170
50 173
50 177
50 51
50 180
50 181
50 54
50 182
50 56
50 57
50 188
50 61
50 189
50 62
50 63
50 191
50 193
50 66
50 70
50 198
50 71
50 75
50 76
50 77
50 78
50 81
50 85
50 87
50 89
50 91
50 92
50 95
50 100
50 101
50 103
50 106
50 107
50 108
50 109
50 114
50 115
50 120
50 123
50 124
51 130
51 136
51 138
51 140
51 143
51 144
51 145
51 154
51 155
51 156
51 159
51 170
51 171
51 178
51 181
51 54
51 55
51 56
51 186
51 62
51 190
51 192
51 196
51 197
51 198
51 73
51 80
51 85
51 86
51 89
51 90
51 94
51 96
51 98
51 99
51 103
51 106
51 111
51 115
51 118
51 120
51 124
51 125
52 130
52 131
52 132
52 133
52 135
52 137
52 145
52 147
52 148
52 149
52 151
52 152
52 153
52 154
52 162
52 164
52 168
52 169
52 171
52 175
52 53
52 181
52 54
52 182
52 183
52 57
52 185
52 186
52 61
52 190
52 191
52 193
52 66
52 194
52 69
52 197
52 73
52 74
52 77
52 83
52 84
52 85
52 86
52 87
52 88
52 89
52 91
52 92
52 93
52 94
52 95
52 98
52 99
52 102
52 103
52 106
52 112
52 115
52 116
52 117
52 118
52 119
52 120
52 122
52 125
53 128
53 130
53 135
53 138
53 143
53 150
53 154
53 156
53 157
53 162
53 167
53 177
53 178
53 180
53 183
53 184
53 57
53 186
53 187
53 63
53 191
53 64
53 192
53 68
53 198
53 75
53 79
53 81
53 85
53 89
53 91
53 95
53 101
53 106
53 109
53 113
53 116
53 118
53 120
53 122
53 125
54 128
54 129
54 136
54 139
54 140
54 141
54 148
54 152
54 162
54 165
54 171
54 177
54 181
54 182
54 56
54 58
54 187
54 62
54 191
54 64
54 65
54 193
54 66
54 194
54 195
54 69
54 70
54 198
54 71
54 72
54 78
54 81
54 83
54 88
54 89
54 105
54 106
54 107
54 108
54 112
54 113
54 115
54 116
54 118
54 120
54 121
54 124
54 126
54 127
55 129
55 133
55 135
55 139
55 147
55 148
55 162
55 167
55 169
55 171
55 172
55 179
55 181
55 56
55 184
55 57
55 185
55 59
55 60
55 61
55 190
55 63
55 66
55 67
55 68
55 69
55 197
55 72
55 74
55 79
55 80
55 81
55 82
55 83
55 84
55 85
55 90
55 96
55 101
55 103
55 105
55 106
55 110
55 111
55 112
55 113
55 118
55 119
55 121
56 128
56 130
56 131
56 134
56 144
56 151
56 159
56 166
56 168
56 170
56 172
56 173
56 174
56 181
56 58
56 59
56 187
56 188
56 63
56 65
56 194
56 67
56 195
56 69
56 197
56 75
56 80
56 84
56 87
56 88
56 92
56 97
56 103
56 105
56 110
56 113
56 115
56 116
56 120
56 121
56 124
57 128
57 130
57 131
57 135
57 140
57 147
57 149
57 153
57 154
57 155
57 157
57 158
57 160
57 164
57 168
57 179
57 180
57 181
57 183
57 185
57 186
57 61
57 189
57 62
57 191
57 64
57 194
57 68
57 72
57 74
57 75
57 78
57 79
57 80
57 81
57 82
57 83
57 91
57 97
57 98
57 100
57 104
57 110
57 113
57 115
57 118
57 119
57 120
57 122
57 123
57 127
58 132
58 133
58 134
58 136
58 137
58 138
58 141
58 143
58 144
58 146
58 149
58 153
58 154
58 155
58 156
58 158
58 161
58 163
58 164
58 170
58 173
58 175
58 176
58 177
58 178
58 181
58 182
58 183
58 184
58 59
58 189
58 63
58 65
58 193
58 67
58 69
58 198
58 71
58 77
58 87
58 90
58 93
58 95
58 96
58 98
58 99
58 104
58 105
58 106
58 109
58 111
58 116
58 118
58 119
58 124
59 128
59 129
59 139
59 144
59 146
59 155
59 156
59 162
59 163
59 169
59 172
59 173
59 176
59 177
59 183
59 189
59 194
59 67
59 69
59 71
59 76
59 84
59 85
59 86
59 92
59 94
59 95
59 96
59 100
59 104
59 105
59 106
59 108
59 118
59 120
59 121
59 122
59 127
60 128
60 133
60 135
60 137
60 139
60 141
60 145
60 147
60 148
60 150
60 152
60 153
60 154
60 155
60 158
60 159
60 166
60 168
60 171
60 172
60 175
60 184
60 189
60 62
60 190
60 192
60 66
60 194
60 69
60 70
60 199
60 72
60 73
60 81
60 84
60 96
60 97
60 98
60 103
60 104
60 108
60 111
60 116
60 119
60 125
61 128
61 131
61 138
61 144
61 150
61 151
61 154
61 157
61 163
61 166
61 167
61 169
61 172
61 175
61 176
61 181
61 183
61 62
61 191
61 66
61 195
61 69
61 70
61 198
61 71
61 74
61 81
61 82
61 83
61 84
61 88
61 92
61 97
61 99
61 100
61 101
61 102
61 105
61 106
61 107
61 119
61 121
61 123
61 124
61 125
61 126
62 134
62 137
62 143
62 147
62 149
62 151
62 152
62 155
62 161
62 164
62 165
62 166
62 169
62 172
62 178
62 179
62 184
62 185
62 186
62 187
62 188
62 190
62 192
62 67
62 196
62 70
62 199
62 72
62 74
62 76
62 77
62 80
62 81
62 82
62 88
62 96
62 98
62 100
62 102
62 108
62 109
62 111
62 113
62 115
62 118
62 121
63 128
63 130
63 132
63 138
63 140
63 144
63 145
63 146
63 151
63 159
63 163
63 166
63 167
63 168
63 170
63 178
63 180
63 182
63 188
63 189
63 192
63 65
63 66
63 194
63 67
63 68
63 196
63 69
63 197
63 75
63 84
63 86
63 89
63 90
63 94
63 103
63 106
63 109
63 111
63 114
63 115
63 117
63 121
63 122
64 130
64 131
64 135
64 138
64 140
64 141
64 146
64 147
64 152
64 154
64 155
64 157
64 159
64 160
64 161
64 167
64 172
64 175
64 184
64 185
64 187
64 189
64 192
64 65
64 193
64 66
64 67
64 195
64 68
64 198
64 71
64 75
64 77
64 78
64 79
64 80
64 83
64 86
64 89
64 90
64 91
64 99
64 101
64 103
64 104
64 105
64 107
64 111
64 114
64 118
64 121
64 122
64 123
64 127
65 137
65 138
65 139
65 142
65 144
65 148
65 150
65 152
65 156
65 157
65 165
65 166
65 169
65 172
65 173
65 174
65 176
65 178
65 180
65 183
65 189
65 66
65 195
65 68
65 197
65 70
65 199
65 75
65 76
65 77
65 81
65 83
65 85
65 89
65 94
65 98
65 99
65 105
65 106
65 108
65 109
65 112
65 118
65 121
65 126
65 127
66 131
66 132
66 133
66 136
66 137
66 143
66 151
66 153
66 155
66 160
66 161
66 164
66 165
66 166
66 167
66 171
66 172
66 178
66 182
66 186
66 189
66 190
66 192
66 193
66 195
66 69
66 78
66 79
66 81
66 85
66 93
66 94
66 101
66 103
66 105
66 106
66 108
66 109
66 120
66 121
66 124
66 127
67 131
67 133
67 134
67 135
67 138
67 141
67 143
67 153
67 157
67 159
67 160
67 162
67 164
67 169
67 171
67 172
67 173
67 174
67 176
67 182
67 183
67 188
67 191
67 194
67 198
67 71
67 72
67 73
67 76
67 77
67 80
67 82
67 83
67 85
67 86
67 87
67 94
67 100
67 104
67 105
67 109
67 113
67 115
67 116
67 119
67 120
67 121
67 122
67 125
67 126
68 135
68 141
68 143
68 147
68 150
68 151
68 152
68 157
68 162
68 168
68 170
68 172
68 173
68 174
68 176
68 177
68 178
68 186
68 187
68 191
68 196
68 70
68 71
68 199
68 72
68 74
68 80
68 91
68 93
68 94
68 95
68 96
68 98
68 101
68 102
68 103
68 108
68 109
68 110
68 111
68 119
68 121
68 122
68 123
68 125
69 131
69 132
69 133
69 134
69 136
69 138
69 139
69 145
69 146
69 154
69 155
69 160
69 166
69 168
69 169
69 170
69 179
69 180
69 190
69 191
69 193
69 195
69 197
69 198
69 199
69 76
69 79
69 81
69 82
69 86
69 89
69 91
69 92
69 94
69 99
69 101
69 102
69 103
69 105
69 106
69 111
69 112
69 116
69 120
69 125
70 130
70 131
70 132
70 138
70 144
70 151
70 152
70 159
70 161
70 162
70 166
70 171
70 172
70 173
70 178
70 180
70 185
70 188
70 190
70 195
70 71
70 199
70 78
70 79
70 80
70 81
70 85
70 86
70 87
70 94
70 96
70 97
70 99
70 100
70 102
70 105
70 109
70 113
70 116
70 123
70 125
70 126
71 130
71 131
71 132
71 134
71 145
71 146
71 148
71 150
71 152
71 156
71 157
71 158
71 160
71 165
71 171
71 172
71 174
71 175
71 177
71 178
71 181
71 182
71 191
71 72
71 74
71 75
71 76
71 81
71 82
71 85
71 88
71 90
71 93
71 94
71 95
71 101
71 105
71 109
71 110
71 114
71 118
71 119
71 125
71 126
72 128
72 134
72 135
72 140
72 147
72 150
72 153
72 156
72 166
72 169
72 171
72 174
72 176
72 182
72 184
72 188
72 191
72 195
72 197
72 199
72 75
72 79
72 86
72 87
72 89
72 93
72 99
72 102
72 104
72 106
72 107
72 108
72 109
72 112
72 113
72 115
72 116
72 118
72 119
72 120
72 121
72 122
72 123
72 125
72 126
72 127
73 131
73 134
73 135
73 138
73 152
73 153
73 155
73 156
73 158
73 159
73 160
73 163
73 165
73 167
73 168
73 177
73 186
73 187
73 188
73 190
73 191
73 192
73 193
73 197
73 199
73 79
73 80
73 81
73 87
73 88
73 95
73 99
73 101
73 106
73 108
73 111
73 113
73 118
73 119
73 123
73 125
74 133
74 134
74 136
74 137
74 139
74 142
74 143
74 146
74 147
74 149
74 153
74 154
74 156
74 161
74 164
74 171
74 176
74 178
74 186
74 191
74 194
74 195
74 199
74 75
74 76
74 78
74 79
74 80
74 81
74 86
74 87
74 90
74 91
74 94
74 95
74 96
74 98
74 103
74 104
74 105
74 114
74 115
74 121
74 122
74 125
74 126
74 127
75 129
75 131
75 134
75 135
75 136
75 149
75 153
75 155
75 159
75 162
75 163
75 164
75 165
75 167
75 176
75 178
75 181
75 182
75 185
75 187
75 196
75 197
75 199
75 76
75 79
75 80
75 81
75 85
75 95
75 96
75 105
75 109
75 110
75 114
75 115
75 117
75 126
76 131
76 135
76 143
76 144
76 145
76 149
76 150
76 155
76 156
76 157
76 160
76 161
76 163
76 168
76 171
76 172
76 174
76 179
76 180
76 182
76 184
76 185
76 187
76 190
76 194
76 197
76 77
76 79
76 84
76 85
76 90
76 92
76 95
76 96
76 98
76 99
76 102
76 104
76 105
76 108
76 111
76 113
76 114
76 116
76 117
76 119
76 120
76 125
76 126
77 128
77 131
77 132
77 134
77 136
77 138
77 140
77 146
77 147
77 153
77 160
77 163
77 164
77 168
77 171
77 172
77 174
77 176
77 179
77 180
77 181
77 183
77 184
77 187
77 195
77 199
77 78
77 79
77 80
77 81
77 85
77 86
77 87
77 90
77 96
77 103
77 104
77 111
77 115
77 116
77 120
77 121
77 122
77 123
77 125
78 128
78 130
78 133
78 136
78 137
78 139
78 141
78 144
78 145
78 152
78 157
78 158
78 160
78 163
78 164
78 167
78 169
78 172
78 174
78 176
78 182
78 188
78 189
78 193
78 194
78 196
78 197
78 198
78 82
78 84
78 85
78 94
78 96
78 97
78 101
78 107
78 110
78 115
78 116
78 119
78 120
78 121
78 123
78 124
78 127
79 132
79 136
79 137
79 138
79 139
79 140
79 146
79 149
79 151
79 152
79 153
79 155
79 160
79 161
79 162
79 165
79 170
79 171
79 174
79 181
79 183
79 195
79 82
79 87
79 90
79 94
79 96
79 99
79 100
79 102
79 103
79 106
79 115
79 121
79 122
79 124
79 127
80 130
80 140
80 143
80 146
80 151
80 153
80 157
80 159
80 160
80 162
80 165
80 167
80 170
80 174
80 176
80 181
80 183
80 185
80 187
80 188
80 198
80 85
80 88
80 91
80 97
80 100
80 105
80 108
80 111
80 118
80 119
80 123
80 124
81 130
81 131
81 133
81 135
81 137
81 141
81 142
81 146
81 147
81 148
81 149
81 151
81 154
81 164
81 167
81 172
81 173
81 175
81 176
81 177
81 179
81 189
81 190
81 191
81 197
81 199
81 89
81 90
81 92
81 93
81 96
81 99
81 100
81 101
81 107
81 111
81 113
81 119
81 125
81 127
82 128
82 129
82 131
82 132
82 137
82 142
82 145
82 150
82 151
82 152
82 154
82 162
82 164
82 167
82 168
82 171
82 174
82 176
82 177
82 180
82 185
82 187
82 188
82 192
82 193
82 196
82 197
82 199
82 84
82 96
82 99
82 101
82 104
82 106
82 107
82 109
82 117
82 118
82 124
82 125
83 132
83 133
83 136
83 140
83 145
83 150
83 152
83 155
83 159
83 163
83 169
83 171
83 173
83 177
83 179
83 180
83 187
83 190
83 193
83 194
83 195
83 198
83 199
83 86
83 88
83 89
83 90
83 91
83 93
83 95
83 96
83 97
83 99
83 100
83 103
83 104
83 109
83 111
83 116
83 117
83 121
83 125
84 128
84 132
84 136
84 137
84 138
84 142
84 145
84 151
84 152
84 154
84 155
84 158
84 163
84 164
84 166
84 169
84 170
84 171
84 175
84 177
84 179
84 181
84 184
84 188
84 193
84 195
84 196
84 87
84 92
84 93
84 100
84 101
84 102
84 104
84 106
84 111
84 112
84 120
84 121
84 122
84 124
84 125
84 126
84 127
85 130
85 132
85 134
85 135
85 137
85 139
85 143
85 145
85 147
85 148
85 150
85 153
85 156
85 157
85 159
85 160
85 161
85 165
85 167
85 168
85 169
85 172
85 175
85 176
85 184
85 186
85 187
85 192
85 194
85 197
85 86
85 92
85 94
85 95
85 96
85 98
85 101
85 103
85 105
85 106
85 112
85 114
85 119
85 120
85 122
85 123
85 125
86 128
86 129
86 130
86 133
86 135
86 137
86 138
86 140
86 142
86 145
86 147
86 150
86 151
86 152
86 166
86 168
86 170
86 174
86 176
86 180
86 181
86 182
86 185
86 187
86 190
86 193
86 199
86 88
86 91
86 95
86 98
86 100
86 104
86 105
86 108
86 109
86 111
86 116
86 117
86 118
86 120
86 124
87 132
87 136
87 140
87 142
87 143
87 145
87 150
87 155
87 157
87 160
87 161
87 163
87 164
87 168
87 169
87 176
87 177
87 180
87 183
87 184
87 185
87 186
87 187
87 188
87 193
87 195
87 198
87 199
87 88
87 89
87 96
87 101
87 104
87 109
87 110
87 113
87 119
87 124
87 125
87 126
88 128
88 138
88 139
88 143
88 144
88 146
88 150
88 152
88 153
88 154
88 160
88 163
88 165
88 169
88 172
88 174
88 176
88 177
88 178
88 180
88 183
88 184
88 185
88 186
88 190
88 192
88 195
88 93
88 95
88 97
88 101
88 103
88 106
88 107
88 110
88 114
88 116
88 122
88 123
88 124
88 125
89 131
89 134
89 135
89 145
89 146
89 147
89 151
89 156
89 159
89 162
89 163
89 165
89 166
89 169
89 171
89 173
89 174
89 176
89 181
89 182
89 186
89 187
89 192
89 90
89 92
89 95
89 99
89 100
89 102
89 104
89 106
89 109
89 110
89 111
89 112
89 114
89 116
89 117
89 120
89 122
89 124
89 127
90 128
90 129
90 131
90 132
90 133
90 137
90 139
90 140
90 145
90 148
90 150
90 153
90 156
90 158
90 162
90 165
90 166
90 170
90 173
90 175
90 176
90 177
90 178
90 179
90 180
90 185
90 186
90 190
90 191
90 197
90 199
90 92
90 96
90 98
90 103
90 104
90 110
90 111
90 112
90 117
90 123
90 126
90 127
91 130
91 132
91 134
91 139
91 142
91 147
91 150
91 154
91 155
91 161
91 164
91 167
91 172
91 173
91 175
91 176
91 177
91 179
91 189
91 190
91 193
91 194
91 195
91 199
91 92
91 95
91 96
91 99
91 100
91 103
91 108
91 109
91 110
91 112
91 120
91 122
92 128
92 134
92 135
92 140
92 143
92 150
92 154
92 158
92 161
92 165
92 166
92 167
92 169
92 172
92 176
92 177
92 182
92 184
92 192
92 193
92 197
92 93
92 101
92 103
92 107
92 111
92 113
92 117
92 118
92 124
93 130
93 132
93 134
93 142
93 143
93 146
93 147
93 148
93 149
93 152
93 155
93 156
93 158
93 159
93 166
93 168
93 171
93 174
93 177
93 178
93 184
93 186
93 187
93 195
93 198
93 199
93 96
93 107
93 110
93 112
93 118
93 123
93 127
94 129
94 130
94 131
94 132
94 133
94 136
94 137
94 140
94 141
94 142
94 143
94 144
94 145
94 147
94 150
94 160
94 161
94 166
94 168
94 171
94 173
94 176
94 177
94 179
94 183
94 187
94 192
94 193
94 196
94 197
94 97
94 98
94 100
94 102
94 107
94 109
94 111
94 112
94 125
94 126
94 127
95 139
95 140
95 147
95 149
95 150
95 153
95 154
95 157
95 159
95 160
95 163
95 166
95 168
95 171
95 174
95 175
95 179
95 180
95 182
95 186
95 188
95 193
95 195
95 197
95 198
95 199
95 96
95 97
95 98
95 99
95 102
95 103
95 106
95 108
95 112
95 122
96 128
96 131
96 132
96 139
96 143
96 144
96 145
96 146
96 150
96 154
96 162
96 163
96 165
96 166
96 167
96 170
96 171
96 173
96 174
96 178
96 183
96 186
96 189
96 194
96 195
96 197
96 199
96 97
96 99
96 104
96 119
96 124
96 126
97 129
97 138
97 140
97 141
97 144
97 148
97 150
97 152
97 154
97 156
97 157
97 160
97 163
97 164
97 167
97 169
97 170
97 172
97 173
97 178
97 184
97 185
97 187
97 188
97 191
97 193
97 196
97 101
97 102
97 107
97 109
97 113
97 114
97 115
97 117
97 123
97 124
97 126
98 131
98 132
98 134
98 139
98 140
98 141
98 142
98 144
98 146
98 150
98 154
98 155
98 157
98 159
98 161
98 165
98 166
98 168
98 173
98 176
98 181
98 183
98 184
98 186
98 192
98 195
98 197
98 198
98 102
98 105
98 106
98 108
98 109
98 116
98 117
98 118
98 119
98 120
98 125
98 127
99 129
99 132
99 138
99 139
99 140
99 144
99 145
99 146
99 151
99 152
99 153
99 154
99 157
99 158
99 159
99 161
99 167
99 169
99 171
99 176
99 177
99 178
99 179
99 180
99 187
99 191
99 193
99 195
99 196
99 197
99 102
99 104
99 106
99 107
99 108
99 109
99 110
99 113
99 114
99 116
99 117
99 118
99 125
99 127
100 130
100 132
100 137
100 138
100 143
100 145
100 147
100 148
100 153
100 161
100 164
100 167
100 173
100 177
100 180
100 181
100 182
100 185
100 190
100 193
100 194
100 196
100 103
100 106
100 107
100 108
100 109
100 114
100 117
100 118
100 125
101 128
101 129
101 130
101 133
101 138
101 140
101 142
101 143
101 146
101 148
101 149
101 150
101 151
101 153
101 155
101 156
101 160
101 162
101 165
101 166
101 169
101 170
101 171
101 174
101 183
101 189
101 191
101 194
101 195
101 197
101 102
101 105
101 107
101 108
101 113
101 114
101 115
101 121
101 123
102 135
102 136
102 138
102 140
102 145
102 148
102 150
102 154
102 158
102 159
102 163
102 170
102 173
102 174
102 175
102 182
102 183
102 187
102 188
102 191
102 198
102 116
102 118
102 122
102 123
102 124
102 125
102 127
103 131
103 132
103 135
103 140
103 143
103 144
103 147
103 148
103 151
103 153
103 155
103 156
103 157
103 164
103 171
103 177
103 181
103 183
103 184
103 191
103 192
103 194
103 195
103 199
103 104
103 105
103 106
103 108
103 110
103 114
103 115
103 117
103 121
103 122
103 123
103 125
104 135
104 140
104 146
104 150
104 157
104 158
104 159
104 161
104 165
104 166
104 170
104 171
104 172
104 174
104 175
104 179
104 182
104 187
104 189
104 190
104 194
104 196
104 197
104 198
104 108
104 110
104 112
104 115
104 117
104 119
104 121
104 125
104 127
105 130
105 131
105 134
105 135
105 137
105 139
105 140
105 142
105 145
105 148
105 151
105 154
105 158
105 159
105 164
105 167
105 178
105 181
105 185
105 186
105 190
105 198
105 106
105 111
105 121
105 122
105 126
105 127
106 128
106 131
106 137
106 139
106 140
106 142
106 143
106 144
106 145
106 147
106 150
106 152
106 153
106 155
106 158
106 161
106 163
106 164
106 167
106 168
106 170
106 174
106 175
106 176
106 181
106 182
106 184
106 186
106 190
106 197
106 199
106 116
106 119
106 122
106 127
107 129
107 131
107 133
107 137
107 138
107 143
107 144
107 147
107 148
107 149
107 156
107 158
107 160
107 164
107 165
107 171
107 174
107 175
107 176
107 178
107 180
107 183
107 186
107 190
107 191
107 192
107 193
107 194
107 195
107 199
107 108
107 119
107 123
108 133
108 136
108 139
108 143
108 147
108 149
108 154
108 157
108 163
108 164
108 165
108 166
108 167
108 169
108 171
108 177
108 179
108 183
108 187
108 192
108 193
108 109
108 110
108 111
108 115
108 116
108 118
108 120
108 123
108 125
108 126
108 127
109 134
109 135
109 140
109 143
109 147
109 151
109 153
109 155
109 156
109 161
109 163
109 164
109 165
109 171
109 172
109 173
109 174
109 175
109 177
109 182
109 184
109 185
109 186
109 187
109 188
109 191
109 194
109 195
109 196
109 199
109 110
109 111
109 112
109 114
109 115
109 116
109 117
109 118
109 119
110 132
110 134
110 140
110 145
110 147
110 150
110 164
110 165
110 166
110 172
110 173
110 174
110 175
110 181
110 186
110 194
110 195
110 115
110 121
110 122
110 123
110 126
111 128
111 129
111 130
111 131
111 133
111 136
111 140
111 143
111 145
111 146
111 149
111 151
111 153
111 155
111 163
111 164
111 166
111 179
111 180
111 181
111 182
111 183
111 184
111 186
111 188
111 189
111 192
111 193
111 199
111 112
111 119
111 120
111 122
111 123
111 125
111 127
112 129
112 130
112 131
112 136
112 139
112 141
112 142
112 145
112 146
112 147
112 152
112 156
112 157
112 158
112 159
112 162
112 165
112 166
112 167
112 176
112 177
112 178
112 179
112 181
112 183
112 184
112 185
112 186
112 190
112 191
112 194
112 196
112 197
112 198
112 117
112 120
113 130
113 132
113 133
113 134
113 136
113 140
113 142
113 145
113 147
113 148
113 150
113 153
113 163
113 164
113 165
113 166
113 170
113 179
113 185
113 187
113 191
113 199
113 116
113 120
113 126
114 132
114 133
114 134
114 137
114 138
114 139
114 140
114 141
114 146
114 147
114 150
114 151
114 155
114 160
114 161
114 164
114 168
114 169
114 171
114 173
114 174
114 175
114 177
114 178
114 185
114 189
114 193
114 196
114 197
114 116
114 118
114 122
114 125
115 129
115 130
115 136
115 138
115 144
115 145
115 147
115 149
115 154
115 156
115 157
115 159
115 161
115 163
115 166
115 170
115 173
115 174
115 179
115 180
115 185
115 186
115 196
115 197
115 198
115 199
115 119
115 120
115 121
115 125
116 129
116 131
116 133
116 134
116 135
116 136
116 139
116 141
116 143
116 155
116 156
116 159
116 165
116 166
116 169
116 170
116 171
116 176
116 178
116 179
116 180
116 182
116 185
116 191
116 193
116 195
116 196
116 197
116 117
116 120
116 122
116 123
117 139
117 141
117 142
117 143
117 148
117 150
117 151
117 154
117 157
117 159
117 162
117 163
117 164
117 167
117 168
117 171
117 178
117 179
117 184
117 187
117 188
117 191
117 192
117 118
117 119
117 125
117 126
118 129
118 134
118 135
118 141
118 146
118 147
118 157
118 159
118 161
118 162
118 163
118 166
118 168
118 171
118 173
118 175
118 177
118 178
118 181
118 183
118 197
118 199
118 121
118 122
118 125
118 126
119 128
119 131
119 137
119 141
119 143
119 145
119 149
119 150
119 152
119 154
119 156
119 160
119 162
119 163
119 166
119 169
119 175
119 181
119 183
119 184
119 187
119 191
119 194
119 199
119 120
119 121
119 127
120 129
120 133
120 134
120 140
120 141
120 144
120 151
120 153
120 158
120 159
120 160
120 166
120 176
120 178
120 179
120 189
120 191
120 193
120 195
120 199
121 129
121 132
121 133
121 134
121 136
121 137
121 138
121 139
121 143
121 144
121 147
121 151
121 152
121 157
121 166
121 171
121 172
121 174
121 178
121 179
121 180
121 181
121 184
121 185
121 186
121 188
121 189
121 191
121 195
121 197
121 198
121 122
121 123
121 125
121 127
122 129
122 131
122 134
122 135
122 136
122 137
122 139
122 141
122 142
122 144
122 145
122 147
122 149
122 158
122 165
122 166
122 167
122 173
122 186
122 192
122 194
122 195
122 196
122 199
122 124
122 125
123 129
123 136
123 138
123 140
123 141
123 146
123 154
123 155
123 162
123 165
123 166
123 167
123 172
123 173
123 174
123 175
123 180
123 181
123 183
123 185
123 188
123 189
123 190
123 191
123 192
123 193
123 194
123 125
123 127
124 128
124 130
124 132
124 134
124 139
124 140
124 144
124 147
124 151
124 152
124 155
124 160
124 166
124 167
124 169
124 174
124 176
124 177
124 179
124 181
124 187
124 188
124 191
124 192
124 193
124 197
124 198
124 126
125 131
125 134
125 136
125 138
125 141
125 142
125 144
125 145
125 149
125 151
125 154
125 157
125 159
125 163
125 165
125 166
125 167
125 170
125 171
125 173
125 174
125 182
125 183
125 186
125 192
125 198
125 199
126 129
126 131
126 137
126 139
126 140
126 141
126 142
126 148
126 153
126 159
126 160
126 167
126 169
126 172
126 173
126 177
126 178
126 181
126 185
126 187
126 192
126 196
126 198
126 127
127 128
127 134
127 136
127 142
127 145
127 149
127 150
127 153
127 155
127 156
127 159
127 162
127 166
127 169
127 170
127 186
127 189
127 191
127 193
127 194
127 197
128 130
128 131
128 132
128 135
128 137
128 138
128 146
128 149
128 152
128 153
128 157
128 158
128 159
128 162
128 166
128 169
128 171
128 172
128 176
128 180
128 181
128 182
128 183
128 185
128 189
128 190
128 192
128 195
129 134
129 136
129 138
129 139
129 140
129 143
129 147
129 150
129 151
129 152
129 153
129 155
129 157
129 160
129 166
129 170
129 177
129 184
129 186
129 188
129 192
129 196
129 198
129 199
130 136
130 139
130 140
130 141
130 142
130 144
130 150
130 151
130 152
130 155
130 158
130 159
130 171
130 172
130 180
130 181
130 182
130 184
130 185
130 186
130 188
130 189
130 190
130 196
130 197
130 199
131 133
131 134
131 138
131 139
131 141
131 142
131 144
131 146
131 147
131 153
131 154
131 160
131 166
131 169
131 171
131 174
131 175
131 183
131 184
131 185
131 186
131 188
131 189
131 192
131 198
132 134
132 135
132 137
132 139
132 140
132 145
132 146
132 150
132 154
132 155
132 161
132 162
132 163
132 164
132 170
132 173
132 175
132 177
132 178
132 181
132 188
132 197
132 199
133 134
133 146
133 148
133 150
133 153
133 154
133 157
133 158
133 163
133 164
133 177
133 184
133 185
133 186
133 190
133 193
133 194
133 195
134 146
134 147
134 152
134 156
134 157
134 159
134 162
134 168
134 172
134 175
134 176
134 177
134 178
134 179
134 183
134 184
134 186
134 187
134 188
134 192
134 193
134 196
135 136
135 137
135 138
135 145
135 148
135 149
135 151
135 153
135 154
135 161
135 163
135 165
135 167
135 168
135 169
135 180
135 181
135 184
135 188
135 189
135 192
135 195
136 138
136 139
136 140
136 144
136 150
136 151
136 155
136 156
136 157
136 171
136 172
136 179
136 180
136 183
136 185
136 187
136 188
136 194
136 196
136 197
137 145
137 146
137 151
137 152
137 156
137 158
137 159
137 160
137 162
137 163
137 165
137 168
137 169
137 170
137 172
137 173
137 175
137 176
137 179
137 183
137 186
137 189
137 190
137 194
137 195
137 198
138 139
138 148
138 150
138 151
138 157
138 158
138 160
138 163
138 171
138 172
138 179
138 180
138 183
138 186
138 187
138 188
138 189
138 195
138 198
139 141
139 142
139 144
139 149
139 153
139 154
139 157
139 159
139 160
139 163
139 168
139 170
139 171
139 172
139 173
139 176
139 181
139 182
139 183
139 185
139 186
139 197
140 142
140 145
140 146
140 150
140 152
140 154
140 161
140 165
140 167
140 171
140 176
140 179
140 180
140 181
140 183
140 185
140 186
140 194
140 195
140 198
141 144
141 145
141 147
141 148
141 149
141 152
141 155
141 159
141 160
141 162
141 163
141 166
141 167
141 169
141 170
141 172
141 179
141 180
141 182
141 186
141 187
141 191
141 193
141 194
141 195
141 196
141 199
142 143
142 144
142 147
142 149
142 160
142 168
142 169
142 171
142 172
142 174
142 184
142 188
142 192
142 194
142 195
142 198
143 144
143 150
143 151
143 152
143 154
143 160
143 162
143 167
143 176
143 177
143 178
143 184
143 192
143 194
144 145
144 147
144 148
144 150
144 157
144 159
144 164
144 166
144 167
144 174
144 179
144 184
144 185
144 188
144 190
144 192
144 197
144 198
145 147
145 149
145 150
145 151
145 153
145 156
145 158
145 159
145 161
145 162
145 165
145 166
145 170
145 171
145 173
145 174
145 175
145 177
145 178
145 181
145 186
145 187
145 190
145 194
145 196
145 198
146 148
146 150
146 155
146 157
146 158
146 162
146 164
146 169
146 170
146 171
146 174
146 175
146 184
146 189
146 190
146 195
147 156
147 158
147 161
147 163
147 164
147 165
147 166
147 172
147 174
147 176
147 178
147 179
147 181
147 183
147 184
147 185
147 189
147 197
148 150
148 161
148 169
148 174
148 176
148 177
148 181
148 182
148 184
148 188
148 191
148 193
148 194
148 197
148 198
149 150
149 151
149 152
149 153
149 155
149 157
149 159
149 161
149 167
149 172
149 179
149 180
149 190
149 192
149 194
149 195
149 198
150 153
150 158
150 163
150 164
150 167
150 172
150 176
150 181
150 189
150 190
150 192
150 193
150 195
150 199
151 152
151 154
151 155
151 156
151 159
151 161
151 162
151 177
151 178
151 179
151 180
151 183
151 184
151 185
151 187
151 189
151 193
151 194
151 197
151 198
152 153
152 155
152 156
152 160
152 165
152 169
152 171
152 172
152 173
152 176
152 177
152 179
152 182
152 191
152 199
153 154
153 156
153 157
153 160
153 162
153 164
153 165
153 168
153 169
153 173
153 174
153 179
153 182
153 184
153 189
153 197
154 155
154 156
154 158
154 159
154 160
154 166
154 168
154 169
154 170
154 171
154 173
154 175
154 177
154 178
154 179
154 181
154 184
154 185
154 186
154 188
154 193
154 194
154 196
154 199
155 157
155 158
155 159
155 164
155 166
155 170
155 173
155 174
155 178
155 179
155 181
155 183
155 184
155 185
155 192
155 198
156 158
156 159
156 164
156 165
156 168
156 169
156 173
156 176
156 184
156 185
156 187
156 191
156 194
156 195
156 196
156 198
157 159
157 162
157 164
157 165
157 168
157 170
157 171
157 173
157 174
157 176
157 178
157 181
157 183
157 186
157 189
157 193
157 195
157 197
157 199
158 159
158 163
158 164
158 166
158 171
158 176
158 178
158 182
158 195
158 196
158 197
158 198
158 199
159 160
159 162
159 163
159 164
159 165
159 167
159 170
159 172
159 173
159 174
159 176
159 177
159 178
159 181
159 183
159 185
159 186
159 188
159 189
159 191
159 194
159 198
159 199
160 161
160 163
160 167
160 169
160 172
160 176
160 180
160 181
160 182
160 185
160 190
160 194
160 195
160 197
160 198
160 199
161 162
161 163
161 164
161 168
161 169
161 170
161 172
161 173
161 175
161 178
161 186
161 195
161 197
162 167
162 170
162 171
162 174
162 179
162 180
162 181
162 182
162 183
162 184
162 185
162 187
162 188
163 167
163 171
163 173
163 178
163 179
163 187
163 189
163 193
163 196
164 167
164 172
164 173
164 179
164 184
164 191
164 192
164 193
164 195
164 199
165 166
165 167
165 169
165 176
165 178
165 179
165 180
165 187
165 189
165 192
165 199
166 167
166 170
166 182
166 189
166 190
166 193
166 196
166 198
167 169
167 170
167 171
167 177
167 178
167 182
167 185
167 187
167 191
167 194
167 196
167 198
168 173
168 175
168 176
168 180
168 185
168 186
168 189
168 191
168 194
168 195
169 174
169 178
169 181
169 182
169 183
169 184
169 186
169 189
169 190
169 192
169 196
169 197
170 173
170 174
170 176
170 179
170 182
170 196
171 178
171 182
171 187
171 190
171 191
171 192
171 199
172 173
172 177
172 178
172 179
172 180
172 181
172 182
172 184
172 185
172 186
172 190
172 191
172 192
172 193
173 174
173 175
173 176
173 177
173 178
173 181
173 182
173 183
173 184
173 186
173 187
173 191
173 194
173 198
173 199
174 176
174 185
174 187
174 189
174 193
174 195
175 176
175 181
175 182
175 186
175 193
175 194
175 195
176 185
176 189
176 198
177 178
177 180
177 182
177 187
177 190
177 193
177 195
177 196
177 197
178 181
178 182
178 184
178 187
178 188
178 192
178 193
178 198
178 199
179 185
179 192
179 193
179 196
179 198
180 187
180 190
180 192
180 193
180 196
181 184
181 185
181 187
181 191
181 196
182 185
182 186
182 189
182 191
183 184
183 186
183 187
183 193
183 194
184 185
184 193
185 189
185 192
185 194
185 197
185 198
186 194
186 196
186 198
187 194
187 198
188 191
188 192
188 195
188 196
189 193
189 194
189 196
189 197
190 191
190 196
191 194
191 195
191 196
191 197
191 198
192 194
192 199
193 195
194 195
194 198
195 196
195 197
195 198
195 199
196 198
197 198
